9 0.5870704573547589 0.19399999999999998 0.12228677379480835 0.09035897435897433
9 0.6279357231149567 0.40312820512820513 0.0809270704573548 0.1595213675213675
2 0.17907292954264525 0.5202735042735043 0.32055624227441276 0.5003589743589745
2 0.4680222496909765 0.6448547008547009 0.3124969097651421 0.5557264957264956
10 0.7260692212608159 0.5641709401709402 0.12609394313967862 0.2734700854700855
6 0.8916069221260815 0.2842735042735043 0.13574783683559943 0.29458119658119664
9 0.5449196538936959 0.34606837606837604 0.07067985166872676 0.08863247863247867
9 0.4524969097651421 0.32745299145299145 0.10389369592088993 0.12406837606837604
1 0.7416934487021013 0.16205128205128205 0.12598269468479614 0.29728205128205126
9 0.4960939431396786 0.3504615384615385 0.022249690976514216 0.0343589743589744
10 0.7453152039555007 0.3786495726495726 0.13276885043263298 0.20818803418803414