9 0.5377358490566038 0.6409090909090909 0.07783018867924528 0.15844155844155844
9 0.5359669811320755 0.9051948051948052 0.14386792452830188 0.08181818181818182
9 0.6367924528301887 0.6668831168831169 0.08018867924528301 0.15454545454545454
9 0.44870283018867924 0.6168831168831169 0.08254716981132075 0.15714285714285714
2 0.7617924528301887 0.38571428571428573 0.23349056603773585 0.3077922077922078
2 0.4988207547169811 0.312987012987013 0.22877358490566038 0.3155844155844156
6 0.3419811320754717 0.7655844155844156 0.12264150943396226 0.18571428571428572
10 0.3178066037735849 0.40714285714285714 0.09551886792452831 0.15844155844155844
1 0.1928066037735849 0.7298701298701299 0.12853773584905662 0.18571428571428572
10 0.31957547169811323 0.561038961038961 0.11084905660377359 0.16233766233766234
9 0.629127358490566 0.3383116883116883 0.0589622641509434 0.07142857142857142