9 0.5172018348623854 0.6121399176954733 0.11926605504587157 0.1419753086419753
10 0.3474770642201835 0.6234567901234568 0.1353211009174312 0.11728395061728394
9 0.7178899082568807 0.5277777777777778 0.11238532110091744 0.1440329218106996
10 0.24426605504587157 0.5010288065843621 0.13302752293577982 0.11934156378600823
9 0.6100917431192661 0.5689300411522634 0.11697247706422019 0.1440329218106996
9 0.768348623853211 0.7767489711934157 0.15825688073394495 0.1111111111111111
2 0.643348623853211 0.20267489711934156 0.27293577981651373 0.25308641975308643
2 0.34288990825688076 0.3065843621399177 0.28440366972477066 0.24074074074074073
6 0.3486238532110092 0.8364197530864198 0.13990825688073394 0.1419753086419753
1 0.4873853211009174 0.7623456790123457 0.15137614678899083 0.15432098765432098
9 0.5114678899082569 0.301440329218107 0.06880733944954129 0.08024691358024691