9 0.5004835390946503 0.4054036243822077 0.10229423868312763 0.1532454695222405
2 0.1999485596707819 0.4570181219110379 0.23938271604938272 0.35283360790774293
9 0.6298868312757202 0.17476112026359142 0.08630658436214002 0.1455354200988468
10 0.48047325102880656 0.8115980230642504 0.11779835390946503 0.18159802306425044
2 0.3029835390946502 0.7439703459637561 0.2386522633744856 0.3592751235584844
10 0.560545267489712 0.6419275123558484 0.10577160493827155 0.18766062602965397
1 0.6494135802469136 0.4073640856672158 0.1110185185185186 0.2394563426688632
6 0.7421913580246913 0.577825370675453 0.11553497942386827 0.22733113673805602
9 0.5288065843621399 0.5164415156507414 0.07019547325102883 0.11298187808896218
9 0.32934156378600826 0.5078418451400329 0.03423868312757199 0.1246128500823723
9 0.422119341563786 0.3942668863261944 0.024094650205761275 0.04009884678747937
9 0.5273456790123457 0.2410214168039539 0.06408436213991765 0.08317957166392094
9 0.575679012345679 0.45545304777594725 0.046296296296296294 0.0812191103789126
9 0.48047325102880656 0.28617792421746296 0.04376543209876539 0.07706754530477765