9 0.44084362139917693 0.49917627677100496 0.09567901234567901 0.1630971993410214
2 0.4732510288065844 0.8937397034596376 0.22016460905349794 0.21252059308072488
9 0.2968106995884774 0.2915980230642504 0.09053497942386832 0.13838550247116968
10 0.6944444444444444 0.5313014827018122 0.11316872427983539 0.18780889621087316
2 0.6522633744855967 0.8121911037891268 0.2242798353909465 0.3756177924217463
10 0.588477366255144 0.4028006589785832 0.11728395061728394 0.1696869851729819
1 0.44238683127572015 0.26112026359143325 0.14917695473251028 0.17792421746293247
6 0.5483539094650206 0.11202635914332784 0.1419753086419753 0.18451400329489293
9 0.5102880658436214 0.4538714991762768 0.07098765432098765 0.11202635914332784
9 0.5051440329218106 0.7734761120263591 0.07818930041152264 0.054365733113673806
9 0.43415637860082307 0.6243822075782537 0.024691358024691357 0.03789126853377265
9 0.338477366255144 0.45634266886326197 0.051440329218107 0.10214168039538715
9 0.4722222222222222 0.37891268533772654 0.050411522633744855 0.07413509060955518
9 0.3662551440329218 0.5313014827018122 0.04835390946502058 0.07084019769357495