9 0.49948559670781895 0.5947281713344317 0.10185185185185185 0.15321252059308071
2 0.7998971193415638 0.542833607907743 0.2397119341563786 0.3525535420098847
9 0.37037037037037035 0.8253706754530478 0.08641975308641975 0.14497528830313014
10 0.5195473251028807 0.1886326194398682 0.1183127572016461 0.1812191103789127
2 0.6970164609053497 0.25617792421746294 0.23868312757201646 0.35914332784184516
10 0.43930041152263377 0.35831960461285006 0.10596707818930041 0.18780889621087316
1 0.3508230452674897 0.5922570016474464 0.1111111111111111 0.23887973640856672
6 0.25771604938271603 0.42257001647446457 0.11522633744855967 0.2273476112026359
9 0.4711934156378601 0.48352553542009885 0.06995884773662552 0.11367380560131796
9 0.6707818930041153 0.4917627677100494 0.033950617283950615 0.12520593080724876
9 0.5776748971193416 0.6054365733113674 0.023662551440329218 0.039538714991762765
9 0.4727366255144033 0.7586490939044481 0.06378600823045268 0.08237232289950576
9 0.4243827160493827 0.5444810543657331 0.046296296296296294 0.08072487644151564
9 0.5195473251028807 0.714168039538715 0.044238683127572016 0.07742998352553541