9 0.4827981651376147 0.38786008230452673 0.11926605504587157 0.1419753086419753
10 0.6525229357798165 0.3765432098765432 0.1353211009174312 0.11728395061728394
9 0.28211009174311924 0.4722222222222222 0.11238532110091744 0.1440329218106996
10 0.7557339449541285 0.49897119341563784 0.13302752293577982 0.11934156378600823
9 0.38990825688073394 0.43106995884773663 0.11697247706422019 0.1440329218106996
9 0.231651376146789 0.22325102880658437 0.15825688073394495 0.1111111111111111
2 0.356651376146789 0.7973251028806584 0.27293577981651373 0.25308641975308643
2 0.6571100917431193 0.6934156378600823 0.28440366972477066 0.24074074074074073
6 0.6513761467889908 0.16358024691358025 0.13990825688073394 0.1419753086419753
1 0.5126146788990825 0.23765432098765432 0.15137614678899083 0.15432098765432098
9 0.48853211009174313 0.698559670781893 0.06880733944954129 0.08024691358024691