9 0.4827752293577982 0.3875514403292181 0.1188073394495413 0.14199588477366254
10 0.6520412844036698 0.37695473251028805 0.13490825688073407 0.11779835390946503
9 0.28227064220183484 0.4724485596707819 0.11185779816513758 0.14432098765432097
10 0.7560091743119266 0.49925925925925924 0.1322018348623853 0.1196296296296296
9 0.3902293577981651 0.43129629629629634 0.11802752293577977 0.1445679012345679
9 0.2320183486238532 0.22281893004115227 0.1589678899082569 0.11069958847736622
2 0.3570412844036697 0.7968724279835391 0.27323394495412845 0.25341563786008225
2 0.6569495412844036 0.6938477366255144 0.28330275229357793 0.23975308641975304
6 0.6518119266055046 0.16405349794238683 0.14041284403669732 0.1412345679012346
1 0.5129816513761468 0.23718106995884772 0.15103211009174305 0.15479423868312756
9 0.48903669724770643 0.6982510288065844 0.06834862385321104 0.07965020576131694