9 0.5871446229913473 0.19401709401709402 0.12237330037082818 0.0905982905982906
9 0.6279357231149567 0.40341880341880343 0.08034610630407911 0.15897435897435896
2 0.1792336217552534 0.5205128205128206 0.32014833127317677 0.5008547008547009
2 0.46786155747836833 0.6444444444444445 0.3127317676143387 0.5555555555555556
10 0.7262051915945612 0.5641025641025641 0.1260815822002472 0.27350427350427353
6 0.8918417799752781 0.2846153846153846 0.13597033374536466 0.294017094017094
9 0.5451174289245982 0.34615384615384615 0.07045735475896168 0.08888888888888889
9 0.45241038318912236 0.32735042735042735 0.103831891223733 0.12478632478632479
1 0.7416563658838071 0.1623931623931624 0.1260815822002472 0.29743589743589743
9 0.496291718170581 0.3504273504273504 0.022249690976514216 0.03418803418803419
10 0.7453646477132262 0.3786324786324786 0.13226205191594562 0.20854700854700856