9 0.27873918417799753 0.37948717948717947 0.06551297898640297 0.16923076923076924
9 0.43016069221260816 0.3230769230769231 0.11495673671199011 0.1111111111111111
2 0.5148331273176762 0.8606837606837607 0.3621755253399258 0.27863247863247864
2 0.6044499381953028 0.5444444444444444 0.40173053152039556 0.4324786324786325
10 0.546353522867738 0.18717948717948718 0.19777503090234858 0.17435897435897435
6 0.34363411619283063 0.02564102564102564 0.2126081582200247 0.05128205128205128
9 0.38875154511742893 0.4376068376068376 0.06427688504326329 0.09743589743589744
9 0.37515451174289244 0.5658119658119658 0.09023485784919653 0.14358974358974358
1 0.2558714462299135 0.1658119658119658 0.21508034610630408 0.17435897435897435
9 0.39184177997527814 0.5051282051282051 0.024721878862793572 0.03076923076923077
10 0.4122373300370828 0.1606837606837607 0.1508034610630408 0.1829059829059829