9 0.6279481132075472 0.4584415584415584 0.14386792452830188 0.08571428571428572
9 0.8679245283018868 0.4603896103896104 0.07429245283018868 0.15844155844155844
9 0.6515330188679245 0.34935064935064936 0.1403301886792453 0.08831168831168831
9 0.6061320754716981 0.5564935064935065 0.14268867924528303 0.09090909090909091
2 0.39622641509433965 0.21168831168831168 0.2794811320754717 0.2571428571428571
2 0.330188679245283 0.5012987012987012 0.2865566037735849 0.2519480519480519
6 0.7411556603773585 0.674025974025974 0.16863207547169812 0.13506493506493505
10 0.41568396226415094 0.7006493506493506 0.14386792452830188 0.10519480519480519
1 0.7087264150943396 0.8383116883116883 0.16863207547169812 0.14155844155844155
10 0.5554245283018868 0.6987012987012987 0.1474056603773585 0.12207792207792208
9 0.35318396226415094 0.3577922077922078 0.06485849056603774 0.06493506493506493