9 0.4624882075471698 0.359012987012987 0.07793632075471701 0.15822077922077926
9 0.4638679245283019 0.09457142857142856 0.14416273584905662 0.08146753246753245
9 0.3633372641509434 0.3332337662337662 0.07964622641509429 0.15453246753246755
9 0.5510849056603774 0.3834025974025974 0.0819693396226415 0.157012987012987
2 0.23816037735849058 0.6141038961038962 0.23339622641509436 0.30732467532467544
2 0.5009787735849056 0.6872337662337662 0.2288797169811321 0.31619480519480525
6 0.6582075471698113 0.23445454545454544 0.12317216981132081 0.18566233766233764
10 0.6821344339622643 0.5925974025974026 0.09570754716981142 0.15823376623376628
1 0.8071344339622643 0.270012987012987 0.12805424528301876 0.18538961038961038
10 0.6806603773584906 0.43906493506493505 0.11102594339622653 0.162
9 0.37109669811320756 0.6614285714285715 0.058655660377358504 0.07118181818181826